best = 136.57833333333332
worst = 137.86499999999998
average = 69.60666666666665
