best = 149.76000000000002
worst = 9.565000000000001
average = 51.59333333333334
