best = 134.54500000000002
worst = 9.586666666666668
average = 77.83000000000001
