best = 135.56833333333333
worst = 9.531666666666666
average = 66.61666666666666
