best = 123.46999999999998
worst = 22.906666666666673
average = 40.894999999999996
