best = 137.02666666666667
worst = 9.546666666666667
average = 46.55
