best = 266.685
worst = 74.12666666666667
average = 63.83166666666667
