best = 136.66333333333333
worst = 10.211666666666668
average = 50.54166666666667
