best = 165.185
worst = 107.10333333333332
average = 74.82666666666667
