best = 21.675
worst = 9.526666666666666
average = 128.97666666666666
