best = 175.11666666666665
worst = 141.65333333333336
average = 141.30666666666667
