best = 10.010000000000002
worst = 9.588333333333333
average = 77.11666666666666
