best = 194.16333333333336
worst = 116.21999999999998
average = 83.41666666666666
