best = 117.80499999999999
worst = 67.72833333333332
average = 101.64333333333333
