best = 199.895
worst = 9.536666666666665
average = 38.98833333333333
