best = 171.72166666666664
worst = 65.5
average = 74.60833333333333
