best = 210.51999999999998
worst = 9.523333333333333
average = 105.98166666666665
