best = 228.95666666666665
worst = 11.708333333333332
average = 103.67666666666666
